25.592824074074073
26.956018518518515
26.790509259259263
27.314583333333335
24.19351851851852
21.67291666666667
21.409490740740736
20.253240740740736
24.038888888888884
26.58587962962963
27.69259259259259
27.128009259259258
26.97222222222222
26.34375
24.557870370370367
24.781018518518522
26.326620370370364
25.935185185185187
23.791203703703722
25.787962962962965
27.34375
28.37569444444445
29.201388888888882
27.649768518518524
26.76990740740741
25.970601851851864
26.37361111111111
26.978935185185193
27.705324074074067
28.811805555555573
28.909953703703692
27.534259259259265
26.48379629629629
27.489351851851847
24.201851851851846
23.731712962962963
25.197222222222226
23.93333333333333
21.674999999999997
21.441435185185178
22.66898148148148
24.65694444444445
25.35115740740742
25.72430555555555
26.36921296296296
24.12314814814815
21.80740740740741
22.41805555555556
22.17777777777778
21.707638888888884
21.940972222222225
23.272222222222222
24.597916666666663
23.464814814814815
22.34351851851853
24.082638888888887
25.307638888888885
26.70347222222223
27.433333333333337
26.909259259259258
24.623379629629635
25.396759259259262
27.651851851851845
24.596064814814813
22.33796296296296
21.00625
20.81782407407408
20.155092592592595
19.554166666666667
18.436805555555555
20.18680555555556
22.968981481481492
17.89236111111111
15.594907407407407
19.9335648148148
21.04421296296297
23.655787037037037
17.979398148148146
17.418055555555554
17.114120370370372
16.631944444444443
15.469444444444443
16.151157407407414
19.842361111111114
21.78958333333334
22.321759259259263
21.81365740740741
22.55555555555556
22.101157407407406
21.85231481481481
22.529398148148143
23.144907407407416
22.488194444444446