1.5229166666666671
6.7456018518518555
13.31018518518519
5.0118055555555525
1.914814814814814
-0.20092592592592476
-1.7344907407407402
-7.542129629629629
-4.152314814814819
-3.4662037037037035
-6.850462962962963
-8.752314814814815
-9.324768518518518
-6.467592592592592
-4.555092592592593
-8.716666666666667
-11.070138888888886
-10.59375
-1.2532407407407378
2.378240740740737
1.4893518518518514
9.653009259259257
17.93055555555555
3.3456018518518524
-5.835879629629629
-4.8939814814814815
-0.08912037037037418
-2.7490740740740747
-2.43171296296296
1.7194444444444439
5.064351851851849
8.026388888888883
13.507870370370373
14.248611111111112
4.885416666666672
1.8157407407407433
1.2356481481481454
8.762731481481483
11.04050925925926
5.981481481481477
-0.26828703703703777
-1.146296296296296
7.978240740740748
-0.38819444444444073
-3.9379629629629656
0.5648148148148103
0.49282407407407586
0.4444444444444468
1.6571759259259307
-0.01944444444444255
1.9020833333333325
6.298379629629633
15.704861111111114
9.025000000000002
2.063888888888891
6.747453703703705
16.75069444444445
14.833564814814824
2.83078703703704
5.352083333333333
6.143518518518521
17.183333333333337
20.861574074074074
12.884722222222216
7.065046296296293
11.419212962962964
10.863888888888889
8.972453703703703
6.562268518518523
10.345138888888894
10.614120370370365
7.507870370370379
5.897916666666659
5.736574074074079
3.293981481481482
2.0884259259259252
5.28865740740741
2.6826388888888886
2.8101851851851833
1.4953703703703722
2.016666666666668
2.4951388888888855
3.8099537037037083
1.925925925925923
5.03310185185185
3.1537037037037052
1.9877314814814855
7.372222222222216
5.483101851851851